Starting Thu Feb 7 10:34:17 CST 2019
Finished Thu Feb 7 10:34:18 CST 2019
[68,101,110,110,105,115,32,105,115,32,104,101,114,101,33,33,33,10][68,101,98,117,103,32,100,106,100,32,48,49,10][68,101,98,117,103,32,100,106,100,32,48,49,10][68,101,98,117,103,32,100,106,100,32,48,50,10]Goedel 2.0
Type ;h. for help.
[68,101,98,117,103,32,100,106,100,32,48,51,10][68,101,98,117,103,32,100,106,100,32,48,52,10][116,111,112,95,108,111,111,112,32,48,48,48,48,48,49,10][110,101,120,116,95,99,111,109,109,97,110,100,32,48,48,48,48,48,49,10][68,74,68,32,116,111,112,95,100,106,100,95,110,101,120,116,95,99,111,109,109,97,110,100,32,48,48,48,48,49,10][68,74,68,32,116,111,112,95,100,106,100,95,110,101,120,116,95,99,111,109,109,97,110,100,32,48,48,48,48,50,10][] <- [68,74,68,32,116,111,112,95,100,106,100,95,110,101,120,116,95,99,111,109,109,97,110,100,32,48,48,48,48,51,10]Reading file "M1.loc" ...
[68,74,68,32,77,111,100,117,108,101,32,110,97,109,101,32,61,32]M1
[68,74,68,32,77,111,100,117,108,101,32,110,97,109,101,32,66,66,66,32,61,32]M1
[68,74,68,32,115,121,115,116,101,109,32,113,117,105,99,107,110,101,119,112,114,111,103,114,97,109,10][65,32,61,32]"M1
[66,32,61,32]ProgDefs.ModuleKind.C0
[67,32,61,32]_L556
